0 0.16219239373601788 0.13534675615212527 0.19910514541387023 0.2527964205816555
0 0.33333333333333326 0.13534675615212527 0.1610738255033557 0.24832214765100669
0 0.49888143176733757 0.13870246085011187 0.17449664429530215 0.2505592841163311
0 0.667785234899329 0.14205816554809844 0.1677852348993288 0.24832214765100674
0 0.8299776286353462 0.14541387024608496 0.20581655480984357 0.26845637583892606
0 0.16219239373601788 0.37360178970917224 0.1901565995525727 0.25950782997762867
0 0.32550335570469796 0.3691275167785234 0.1677852348993289 0.25503355704697983
0 0.4910514541387025 0.3657718120805369 0.17225950782997765 0.25279642058165547
0 0.6599552572706935 0.3635346756152126 0.17897091722595085 0.2438478747203579
0 0.8333333333333336 0.365771812080537 0.1946308724832212 0.2527964205816555
0 0.8288590604026845 0.592841163310962 0.20805369127516785 0.24608501118568235
0 0.6621923937360178 0.5928411633109616 0.192393736017897 0.25503355704697966
0 0.4966442953020136 0.5950782997762861 0.19239373601789742 0.25503355704697994
0 0.32326621923937354 0.5917225950782996 0.18120805369127507 0.25727069351230414
0 0.1588366890380313 0.5973154362416107 0.19239373601789708 0.2595078299776288
0 0.8266219239373602 0.8400447427293065 0.2080536912751677 0.2930648769574944
0 0.66331096196868 0.83668903803132 0.1856823266219239 0.2863534675615213
0 0.4932885906040269 0.8378076062639824 0.19015659955257283 0.28859060402684567
0 0.33109619686800895 0.8389261744966443 0.18344519015659957 0.2863534675615213
0 0.16666666666666657 0.8389261744966432 0.19463087248322128 0.2908277404921692
