0 0.4955257270693512 0.7583892617449665 0.24384787472035796 0.29530201342281887
0 0.621923937360179 0.6286353467561522 0.2460850111856824 0.2684563758389262
0 0.38255033557046986 0.6073825503355705 0.24161073825503357 0.25727069351230436
0 0.2941834451901565 0.5201342281879195 0.23489932885906037 0.26174496644295314
0 0.7225950782997762 0.5044742729306487 0.17002237136465326 0.22595078299776283
0 0.5279642058165548 0.4451901565995526 0.24608501118568227 0.1521252796420582
0 0.28859060402684555 0.348993288590604 0.24161073825503349 0.18791946308724847
0 0.34787472035794187 0.2214765100671141 0.24384787472035793 0.17002237136465326
0 0.4955257270693512 0.15324384787472034 0.24832214765100674 0.23489932885906037
0 0.6856823266219229 0.1756152125279641 0.15883668903803097 0.13646532438478765
0 0.7069351230425055 0.31991051454138686 0.19686800894854628 0.16107382550335558
